13

5
6 6 0 1 0
3 5 8 7 2

10
3 2 0 7 9 5 4 7 6 7
4 4 6 7 5 4 5 3 2 7

10
57 68 76 34 70 23 52 49 80 12
14 58 88 35 31 69 55 19 75 50

50
1 1 0 1 1 0 0 1 1 1 0 0 1 1 1 1 1 1 0 0 0 1 0 0 0 0 0 1 0 1 1 1 1 1 0 0 0 1 0 0 1 1 1 1 0 0 0 0 0 1
0 0 0 0 0 0 0 1 0 1 0 1 0 0 0 1 1 1 1 1 0 0 1 1 0 0 0 0 1 1 1 1 0 0 1 1 1 0 1 0 0 1 1 1 1 1 0 1 0 1

50
0 3 1 6 2 0 3 7 3 4 0 2 5 4 5 2 2 7 3 9 1 6 8 7 8 8 8 5 7 1 1 6 5 3 4 0 6 4 3 9 0 9 6 3 7 9 6 3 5 5
2 8 5 8 7 5 9 5 4 3 2 9 2 5 4 0 9 7 3 0 6 0 9 6 9 2 2 4 0 2 0 3 0 1 3 2 6 0 4 4 9 7 8 8 1 5 5 3 0 8

50
15 14 65 32 73 11 95 92 56 54 65 77 98 11 49 41 75 54 92 94 99 58 28 75 43 68 31 97 72 19 61 27 10 22 17 65 10 58 78 82 16 13 72 57 26 69 81 59 10 36
92 13 68 84 93 50 66 98 29 61 60 33 44 67 12 93 86 27 50 30 29 76 57 42 94 93 91 23 30 83 47 72 26 11 69 68 27 89 16 20 27 18 59 82 28 19 31 33 39 94

50
688 884 265 429 693 890 714 234 559 660 480 362 114 754 932 486 324 478 403 960 260 526 657 172 245 994 914 877 196 225 710 424 146 124 837 948 901 585 696 468 486 326 779 284 741 368 747 118 412 704
237 276 849 178 137 121 654 726 195 833 526 547 195 324 676 192 210 387 528 252 806 606 726 867 173 767 926 497 479 583 281 968 615 194 250 565 385 184 577 398 905 102 503 641 678 557 978 191 203 234

200
1 0 1 0 0 1 1 1 0 0 0 1 1 1 0 0 0 0 1 0 1 1 1 0 1 1 1 0 0 1 1 1 0 0 0 1 1 1 0 1 1 0 0 1 1 1 1 0 0 1 0 0 1 0 0 1 1 0 0 1 1 0 0 0 0 1 1 1 0 0 1 1 1 1 0 1 1 1 1 0 1 1 1 1 1 0 0 0 1 1 1 0 1 0 0 1 1 0 1 1 0 1 0 0 1 0 0 0 0 0 1 1 1 1 0 0 0 0 0 1 1 0 0 1 0 0 0 1 0 0 0 1 1 1 1 0 0 0 1 1 1 0 1 1 1 1 1 0 0 0 1 1 0 0 1 0 0 1 1 0 1 1 0 0 0 1 0 1 0 1 1 0 0 0 1 0 0 1 1 1 0 1 0 0 0 1 1 1 0 0 0 0 0 1 0 1 0 0 0 0
1 0 1 1 1 1 0 0 1 0 0 0 1 1 0 0 1 1 0 1 1 0 0 0 0 1 1 0 1 1 1 1 0 1 1 0 0 1 0 1 1 1 1 1 0 0 1 1 0 0 0 0 1 1 1 1 1 1 1 0 0 0 1 1 0 1 0 0 0 0 0 0 1 1 0 1 0 0 1 1 1 0 0 0 0 0 0 0 1 1 1 0 1 1 1 0 0 0 1 1 0 0 0 1 1 0 0 1 1 1 0 1 1 0 0 1 1 0 1 0 0 0 0 1 0 1 1 1 1 1 1 1 0 1 1 0 0 0 0 0 1 0 0 0 1 0 0 1 0 0 0 0 1 1 0 1 0 0 0 0 0 1 1 0 0 0 1 0 1 0 0 0 0 0 0 1 1 1 0 0 1 1 1 0 0 0 0 1 0 1 1 1 1 0 0 0 0 1 1 0

200
8 3 8 4 8 1 3 1 1 0 6 7 3 8 2 7 8 0 0 9 3 5 6 9 0 1 1 6 2 1 6 6 8 5 0 6 1 9 6 5 4 1 5 7 6 4 0 7 8 9 5 0 1 5 9 2 0 0 0 2 9 6 7 7 1 3 9 1 0 0 7 9 3 4 1 2 4 4 8 4 4 6 7 8 2 3 6 1 6 9 4 1 3 7 7 6 5 4 6 8 3 5 5 2 0 4 5 5 1 4 3 4 8 4 8 9 9 1 1 9 6 9 3 2 9 2 9 6 3 7 2 6 7 5 3 4 1 5 3 1 3 6 0 1 8 4 0 3 6 8 8 2 4 3 0 4 2 3 3 0 6 6 7 2 3 5 0 1 6 7 6 9 1 8 4 3 7 6 2 1 0 3 5 8 0 1 1 7 3 5 0 9 7 0 8 9 4 0 6 2
4 3 3 9 4 9 1 0 4 4 1 8 7 0 9 8 4 6 9 1 0 8 9 6 8 8 8 7 6 4 0 4 5 3 4 0 7 1 6 4 6 5 5 3 2 2 2 1 7 0 3 0 8 5 1 0 3 8 3 6 0 0 7 8 5 7 0 8 6 9 2 6 0 8 6 1 4 2 5 1 8 9 7 9 4 5 4 8 0 7 2 6 5 9 3 0 1 0 5 9 9 7 1 0 1 3 7 3 9 3 3 9 9 0 4 3 8 0 5 9 4 3 2 2 4 6 7 1 4 1 0 6 3 7 4 1 1 3 0 9 0 4 3 7 7 7 0 4 9 6 8 4 5 4 2 1 7 1 4 3 6 6 5 5 0 6 9 1 7 5 9 4 1 6 6 6 2 5 0 3 5 3 2 8 0 5 0 7 9 8 0 1 7 6 8 7 4 4 8 6

200
34 95 43 36 79 80 86 67 18 78 38 93 35 36 94 91 33 52 54 40 77 26 67 69 96 85 27 80 17 68 75 49 13 40 87 77 47 44 91 52 97 90 27 87 90 21 38 50 92 21 86 53 40 29 78 96 13 38 12 32 54 46 54 99 17 47 44 49 81 81 17 54 87 52 38 88 45 77 69 55 95 33 38 65 92 35 71 85 30 72 98 31 72 74 85 10 16 60 85 77 29 43 20 61 81 36 56 77 24 65 96 47 14 70 33 37 74 42 57 44 24 77 73 78 83 32 72 23 61 20 11 45 77 15 75 90 82 33 16 16 99 25 34 78 66 90 21 27 31 68 95 34 33 11 76 79 17 27 40 10 91 73 97 75 91 91 43 32 53 56 88 39 14 96 75 14 15 68 98 23 90 82 15 83 78 25 29 56 29 86 57 72 59 52 54 35 91 95 18 66
52 56 51 83 14 68 73 76 84 70 86 73 20 80 64 88 78 88 91 91 69 19 39 76 55 48 35 13 92 21 88 90 79 48 10 30 89 60 79 62 67 26 52 12 77 64 59 83 47 76 95 21 55 42 97 34 33 19 53 14 80 97 80 28 58 13 74 62 84 35 74 66 66 68 99 85 99 15 52 49 49 72 26 56 72 19 44 86 92 43 60 62 31 27 81 96 26 77 51 88 70 50 49 83 57 78 14 19 38 71 58 82 94 63 79 14 39 78 95 95 33 97 24 25 31 93 41 48 20 50 47 68 47 24 92 70 85 26 90 45 33 82 78 56 97 89 78 74 79 64 71 28 10 33 31 91 47 29 99 31 98 39 29 83 10 16 50 37 32 74 14 64 78 57 13 43 60 78 38 32 31 40 28 22 35 47 40 97 99 23 27 24 92 86 30 64 69 20 82 68

200
829 408 159 513 968 518 715 859 978 352 548 320 762 419 565 953 465 957 922 731 112 636 631 214 711 233 353 732 982 374 320 551 823 691 642 780 364 298 975 995 139 345 465 715 248 645 748 113 254 809 472 417 492 736 754 443 122 745 518 609 513 754 790 640 944 486 724 730 714 756 626 267 138 597 798 578 710 125 998 824 107 291 645 120 601 110 207 891 820 636 928 354 290 885 834 237 791 247 206 995 570 549 524 604 245 681 786 288 870 205 216 783 142 489 905 336 707 257 488 681 771 138 515 288 736 269 608 518 825 718 261 131 167 752 273 443 724 495 162 764 732 789 383 989 272 107 897 645 911 322 699 289 465 552 845 442 477 170 336 934 329 158 157 751 709 693 925 135 157 422 526 199 871 481 311 236 724 805 950 635 692 963 480 764 973 777 969 159 442 688 175 323 762 809 168 110 857 475 782 718
877 936 818 117 565 619 490 949 670 371 333 128 776 199 571 593 500 846 321 435 114 312 550 679 902 452 179 833 193 308 653 657 441 703 940 978 666 753 358 972 447 781 232 338 995 213 841 741 269 111 908 489 878 997 201 375 680 259 956 479 250 904 192 962 783 760 266 722 169 253 697 858 632 868 518 449 430 531 867 741 135 666 456 288 243 981 147 620 743 371 352 721 326 394 903 143 448 582 160 503 742 775 902 529 996 903 947 744 272 163 934 468 637 390 728 216 451 186 801 207 355 319 891 716 835 557 839 884 222 475 299 110 269 360 132 867 984 903 388 403 747 391 581 789 337 839 904 473 576 982 160 991 120 654 176 606 118 707 313 363 513 700 524 664 270 224 912 581 185 887 779 575 401 953 550 711 553 701 105 984 293 617 282 244 554 297 964 192 678 773 628 779 588 224 937 402 490 374 225 915

1000
556 899 762 653 577 106 359 827 973 766 501 122 719 324 893 314 724 742 943 641 928 350 812 667 727 742 441 647 702 302 763 206 353 413 469 823 129 325 907 310 528 894 171 594 274 311 658 495 821 205 335 186 923 129 215 766 726 245 865 617 270 412 842 683 501 970 202 653 758 538 707 429 709 256 114 771 510 735 191 683 503 722 878 879 935 468 868 539 313 671 556 526 941 774 843 377 354 364 141 760 544 325 432 700 443 490 433 104 947 926 558 714 114 854 963 492 630 885 358 399 737 294 974 944 589 750 506 467 245 888 586 115 380 235 428 700 748 461 509 613 875 860 546 649 708 131 156 916 641 953 128 105 644 700 893 403 363 829 691 851 491 193 378 937 415 830 725 170 153 916 866 188 111 107 953 555 844 587 792 158 856 265 689 934 369 294 160 865 140 935 857 778 821 134 826 671 586 272 301 364 132 597 816 415 899 127 690 823 658 612 731 129 581 111 522 734 722 795 193 513 796 508 907 987 109 443 528 453 429 324 362 650 759 412 855 899 414 629 529 629 635 452 703 937 275 459 390 124 899 686 241 108 728 646 378 127 972 968 331 687 526 219 233 715 678 365 523 423 379 934 660 388 186 190 718 537 636 548 250 973 495 157 824 527 514 495 124 323 734 197 250 457 146 390 339 708 624 487 251 504 941 846 611 902 223 682 527 596 130 415 719 831 526 801 849 100 508 933 743 326 784 213 970 431 374 619 777 712 907 357 543 126 261 364 857 554 682 420 860 901 643 691 788 180 739 486 942 618 279 334 846 237 888 878 179 294 432 542 570 605 293 211 856 694 625 977 772 860 749 188 398 659 310 470 789 534 602 952 558 200 748 710 768 575 425 113 710 567 827 651 136 529 714 612 910 743 441 543 643 525 794 301 845 939 162 115 373 911 418 246 367 470 760 886 550 944 609 778 141 486 381 188 113 612 692 279 586 649 273 415 273 720 132 422 374 328 512 303 888 659 521 386 480 729 491 588 622 221 313 514 486 161 298 919 628 806 751 546 374 593 211 868 728 510 562 333 106 492 499 465 902 191 864 435 669 708 723 648 654 916 117 190 722 177 404 611 746 476 902 742 375 367 468 967 537 329 492 952 658 729 895 552 791 957 222 389 245 978 776 823 183 232 573 377 691 816 199 598 810 931 531 138 381 188 815 655 818 149 595 521 388 494 469 676 480 663 484 115 530 647 240 401 835 456 682 135 288 235 232 391 318 805 952 674 658 526 209 118 826 270 482 548 350 133 630 214 485 843 555 151 583 316 158 891 395 727 860 380 855 541 492 458 338 133 971 792 398 964 296 222 924 908 228 239 566 772 943 272 423 449 577 559 607 360 580 163 142 326 699 546 953 958 789 703 190 676 598 401 689 599 146 263 346 663 247 743 649 741 446 553 994 125 785 266 299 792 162 523 962 955 673 149 538 204 865 772 591 585 884 535 223 272 704 714 152 582 912 569 163 537 473 827 411 496 291 853 906 460 641 535 110 933 611 745 524 142 728 542 748 173 732 874 864 776 756 869 493 956 975 934 629 473 302 410 229 740 630 749 214 450 756 387 952 867 488 194 457 965 477 898 307 733 812 345 947 190 585 194 496 158 714 126 422 470 765 843 972 101 728 350 403 231 943 892 219 167 212 904 345 255 196 644 160 134 453 312 923 807 234 904 545 803 692 599 560 544 345 668 629 169 158 905 725 928 478 119 681 747 599 858 700 224 734 157 488 397 364 259 180 985 387 270 463 433 319 131 240 848 550 248 136 661 318 804 781 433 861 297 946 616 801 952 776 814 798 907 340 570 506 127 971 106 251 521 473 815 263 940 573 102 910 567 567 653 216 648 459 855 598 601 108 613 226 722 945 414 436 976 354 615 446 717 304 825 795 635 367 182 257 720 955 905 463 724 255 413 884 277 438 756 341 721 730 546 643 191 222 605 411 183 325 160 236 241 826 470 549 584 426 409 894 215 206 549 682 128 524 298 971 237 135 191 114 819 627 155 305 568 394 614 397 563 427 529 389 919 749 900 130 949 117 124 857 965 163 800 400 923 480 205 558 644 661 156 403 304 238 382 220 424 159 464 351 283 252 947 619 146 314 927 607 394 295 726 248 174 301 933 666 412 713 830 441 149 977 814 511 814 302 622 915 408 830 806 114 406 114 517 249 808 988 689 290 573 399 327 702 464 590 689 744 261 853 437 394 360 155 815 181 607 962 793 429 844 306 790 973 913 270 754
456 359 793 758 220 363 756 187 618 592 246 986 315 956 766 721 174 498 882 620 641 736 272 406 537 269 270 496 547 759 727 405 179 606 833 587 103 999 130 681 280 223 181 396 397 340 971 328 952 287 322 535 237 501 652 480 824 883 956 251 678 407 523 776 210 773 922 421 910 511 792 904 939 562 667 443 931 159 570 402 500 630 982 434 782 953 808 371 876 380 140 160 723 505 155 933 813 180 562 749 525 828 852 262 508 508 135 772 264 794 170 843 997 366 786 343 554 398 478 308 404 990 746 489 229 695 294 549 826 578 127 864 779 630 992 127 945 683 368 584 345 815 840 899 577 291 594 536 654 101 871 726 472 274 517 778 497 228 547 623 530 814 746 525 887 163 975 448 939 335 338 839 181 222 869 360 464 253 356 387 204 385 347 516 331 913 376 621 712 305 212 492 299 632 641 214 754 604 523 797 761 432 126 164 688 460 807 203 286 702 727 394 197 745 972 595 626 876 618 629 507 687 457 177 974 408 643 818 843 628 771 586 847 378 550 678 654 612 746 882 456 864 953 538 664 801 232 195 121 917 389 998 107 140 893 743 642 413 706 471 292 580 857 753 212 915 448 972 439 241 948 502 748 281 277 316 647 833 958 387 193 319 608 199 602 591 998 959 947 565 730 256 275 121 274 399 975 424 477 648 640 617 359 615 177 119 422 188 146 548 967 527 583 185 525 893 435 922 132 177 845 972 255 439 973 886 404 406 334 578 175 191 266 774 777 529 594 587 954 175 434 235 141 937 222 167 658 596 183 816 832 559 398 281 354 391 402 151 447 864 304 217 926 614 419 258 351 706 626 688 269 821 469 951 549 384 408 693 643 614 443 917 353 881 888 165 511 842 785 194 738 683 249 490 981 108 668 775 361 383 355 518 496 566 205 469 542 772 396 903 679 184 934 676 775 851 319 399 680 850 826 390 745 157 187 148 895 398 950 412 821 195 713 253 626 480 308 302 218 745 331 337 930 217 582 450 110 874 994 571 416 800 973 765 720 293 548 227 606 598 955 552 981 330 850 523 670 529 734 954 692 611 754 793 867 242 204 132 439 718 601 463 144 463 614 431 288 669 766 539 895 568 673 740 794 784 841 251 500 267 673 109 986 884 737 553 971 209 948 692 726 503 235 116 206 702 236 487 370 317 606 848 902 424 661 457 248 591 868 656 193 209 962 307 628 179 948 522 229 499 626 807 111 621 186 433 595 764 277 263 649 291 369 443 804 605 103 354 782 276 640 471 591 487 701 148 229 337 888 556 329 385 841 419 914 178 544 934 897 167 967 103 886 752 984 752 538 946 528 689 145 647 725 558 835 109 158 333 986 327 330 386 946 335 380 459 946 519 675 535 109 595 563 785 910 446 912 505 368 399 238 855 778 663 518 381 180 383 683 987 308 817 942 674 767 265 639 241 599 937 672 404 841 190 166 649 617 897 181 646 595 117 396 463 403 975 667 636 231 186 125 558 457 862 826 202 492 208 395 442 244 293 330 754 782 665 977 645 240 301 865 207 843 102 668 888 728 584 621 453 901 378 612 424 679 971 852 800 394 788 103 678 676 476 820 157 887 758 489 794 121 660 147 831 511 676 281 274 650 146 140 460 584 289 263 465 804 658 311 735 216 170 753 125 474 885 489 338 991 623 593 484 641 197 747 382 260 152 319 468 669 958 111 859 584 299 996 589 598 119 933 715 504 889 167 448 467 883 691 561 583 990 824 708 354 377 927 193 241 377 875 743 801 983 611 342 808 523 943 892 574 533 485 895 671 617 108 617 304 984 360 229 552 492 825 629 512 536 286 642 866 714 386 485 321 980 491 714 616 372 606 623 984 287 347 180 406 843 561 356 298 608 978 663 412 346 409 190 945 661 842 336 218 319 685 152 560 534 455 309 258 932 904 740 804 932 352 783 495 338 510 925 430 183 506 957 946 115 952 344 739 869 819 944 961 280 486 527 238 735 147 978 264 107 426 915 560 367 261 305 493 162 657 500 228 412 585 372 802 127 656 554 514 890 876 647 892 284 455 654 556 166 145 147 482 114 488 841 950 353 254 975 613 849 909 850 270 276 717 341 619 357 556 807 587 848 808 290 258 544 114 801 446 368 755 169 390 757 282 139 779 389 318 321 439 895 861 919 136 382 361 538 566 206 632 450 669 149 978 837 488 998 214 594 920 137 902 622 241 203 919 202 638 327 915 770 441 149 111 374 877 478 181 939 904 753 193 366 132 816

1000
726 460 697 453 307 724 130 709 931 691 431 929 588 553 348 302 700 338 102 476 119 748 823 797 105 855 926 533 668 645 695 535 914 597 957 133 358 107 908 572 709 997 291 768 274 322 498 188 478 739 708 195 481 211 336 706 799 681 577 113 473 823 393 969 385 301 502 368 980 421 724 455 340 721 590 179 211 955 379 531 311 389 472 369 166 770 963 669 591 213 395 204 693 648 284 515 735 610 308 158 181 827 448 116 620 350 132 301 143 613 602 177 427 740 644 967 299 566 825 275 275 524 320 151 152 970 394 835 665 230 631 283 286 337 377 653 453 160 502 983 808 270 248 446 246 600 934 223 831 635 471 332 186 717 585 112 736 714 375 255 310 199 541 819 211 713 669 579 221 166 537 652 260 443 139 405 508 291 694 187 117 407 564 912 933 194 674 238 746 806 608 731 916 419 831 243 157 648 788 951 296 957 635 308 529 815 242 121 476 644 570 819 932 192 188 807 673 625 269 943 317 903 961 628 583 808 688 141 273 774 227 137 200 486 370 137 102 485 331 132 784 241 383 780 426 289 223 813 522 288 204 208 102 711 224 793 189 162 531 497 877 365 962 891 910 441 307 649 523 929 609 377 942 198 799 398 149 384 918 748 723 565 793 876 694 594 633 702 202 858 580 229 630 748 985 946 494 754 111 787 367 905 927 126 152 919 364 351 504 684 574 730 720 512 782 503 943 461 306 321 722 716 240 551 945 721 876 942 351 666 551 434 832 263 878 510 933 594 798 626 878 351 302 330 899 111 441 198 469 101 274 549 326 575 335 463 586 949 296 258 748 767 505 469 526 724 135 404 902 896 867 512 782 258 213 671 168 316 823 211 197 691 492 685 559 626 641 311 967 317 508 141 374 908 749 773 705 613 569 634 606 203 317 978 380 214 583 912 686 876 285 199 175 255 121 957 387 813 726 768 885 792 522 796 410 637 825 809 832 608 926 824 205 920 139 673 680 184 138 900 838 921 851 279 508 440 576 533 772 514 677 563 478 796 458 746 715 764 894 756 463 739 906 128 801 635 219 378 620 586 938 106 379 547 886 458 603 396 473 565 631 374 531 826 370 611 411 765 266 799 915 916 564 522 658 251 540 141 710 151 321 624 415 562 784 311 235 991 622 996 368 922 175 424 936 160 485 714 176 639 338 526 107 141 739 463 528 676 270 854 762 335 704 124 718 484 719 771 676 304 920 407 718 196 311 589 402 681 923 320 286 596 863 136 278 163 263 387 213 909 302 677 207 708 326 821 832 715 266 466 260 668 750 876 746 919 619 373 789 281 515 598 921 667 674 247 621 338 407 717 685 756 781 989 734 415 974 924 306 538 402 471 246 922 407 818 696 866 160 886 236 728 979 196 292 166 728 350 820 291 930 127 730 991 147 222 354 206 100 708 823 762 178 932 856 840 331 469 720 138 306 680 163 835 587 762 400 704 514 368 180 744 451 902 535 122 969 631 240 121 935 766 507 342 486 903 756 696 610 828 868 558 464 839 984 604 817 768 650 158 624 374 911 721 137 790 878 814 872 322 820 864 851 519 260 976 466 946 594 566 491 899 743 546 498 797 113 711 722 245 553 852 971 856 840 265 964 170 580 212 100 133 268 442 539 104 642 150 450 482 514 215 117 587 939 269 162 377 862 797 216 291 699 908 341 868 480 414 476 338 428 655 332 490 531 670 262 239 757 492 157 335 965 395 124 742 174 496 362 218 834 300 339 293 566 885 495 515 296 691 498 807 810 346 548 263 437 882 951 964 604 228 736 952 262 569 778 569 402 812 967 831 720 794 989 952 459 848 159 796 676 696 799 372 741 333 469 649 442 302 404 260 313 518 748 774 626 280 639 456 928 758 855 473 165 783 616 963 144 584 274 841 520 670 727 480 581 652 851 307 233 297 713 651 752 905 885 486 589 969 781 147 820 760 118 104 264 598 212 652 491 499 413 876 687 509 697 321 867 656 847 787 935 441 255 220 168 740 442 333 387 577 905 922 734 644 120 826 488 478 989 858 602 409 180 372 384 868 783 708 168 240 684 476 792 707 133 685 333 149 895 757 457 573 575 587 932 481 349 544 972 414 291 765 986 310 199 390 130 133 966 569 986 955 843 473 172 540 263 301 403 995 182 575 287 993 691 102 935 691 421 897 685 684 699 265 900 633 206 200 514 547 255 771 694 736 982 468 855 320 472 484 662 355 929 454 598 215 145 118 607 561 591 203 180 569 743 836 720 328
291 325 170 880 367 366 386 556 528 258 966 903 512 315 914 345 567 818 362 775 458 407 585 468 423 551 360 259 322 653 907 446 295 482 725 654 596 626 770 525 132 363 153 612 876 578 723 727 398 600 844 752 527 911 327 911 860 113 823 898 839 759 126 720 254 825 206 737 919 743 485 693 410 282 295 795 197 838 598 160 472 660 830 210 905 794 118 773 360 471 835 104 789 694 152 537 196 236 339 693 232 681 190 258 628 668 534 563 380 886 220 625 264 235 231 259 136 666 904 891 605 670 959 371 493 762 910 879 712 992 162 279 886 381 678 882 839 698 783 806 974 863 565 107 802 101 493 889 666 843 365 818 620 469 369 275 268 747 105 219 858 672 675 717 406 734 223 945 303 256 750 222 680 786 251 376 344 961 106 816 787 160 235 740 869 864 978 535 854 471 155 331 348 111 846 133 931 852 530 899 656 358 909 532 417 579 692 145 602 953 261 571 296 410 494 269 203 296 883 131 385 651 999 904 683 505 175 936 331 572 894 629 719 884 913 899 940 962 294 333 698 806 568 706 533 329 750 215 706 360 610 287 432 215 649 518 100 759 860 633 394 617 610 340 243 323 871 692 930 715 563 179 309 365 124 649 137 463 608 755 472 730 959 706 328 273 550 982 240 854 788 820 644 364 547 377 585 130 642 539 903 318 114 664 536 201 366 865 561 703 899 720 777 625 132 399 237 799 975 915 118 200 565 812 744 790 243 874 872 407 158 669 366 925 839 681 666 720 187 487 462 896 978 993 317 574 680 166 257 420 893 590 546 515 966 734 752 141 440 613 109 785 620 204 712 175 825 256 951 518 679 722 624 603 101 836 698 336 437 139 818 214 826 922 631 813 944 456 185 831 934 767 136 839 164 994 736 923 634 668 549 651 394 845 616 396 457 820 398 224 938 877 992 317 625 337 594 700 150 496 471 704 472 592 284 787 693 505 415 978 903 576 868 390 860 312 785 597 676 891 807 341 180 727 831 530 955 114 291 114 117 868 918 162 755 855 709 362 512 379 613 204 415 688 751 393 622 602 364 706 676 774 850 362 550 149 530 584 688 501 692 685 875 965 484 489 377 250 338 155 197 704 497 470 223 924 124 835 497 783 723 234 230 656 737 537 375 625 384 872 803 110 386 842 452 369 578 700 365 655 863 423 456 907 744 787 395 950 126 558 902 577 346 381 225 873 901 666 596 139 894 366 102 144 944 372 677 101 981 476 880 780 949 772 388 858 541 880 975 256 126 691 188 577 266 447 572 263 252 403 935 896 343 157 553 332 327 687 818 375 958 880 423 926 636 147 940 206 207 447 508 157 188 881 750 593 153 398 411 715 200 436 282 634 869 622 545 217 351 514 955 399 963 377 444 189 619 756 452 261 657 750 488 537 462 351 237 493 682 813 945 724 760 828 149 615 563 407 901 954 532 100 665 505 989 891 197 271 531 621 452 398 496 161 676 697 194 799 899 763 263 358 741 354 794 832 980 909 208 497 298 827 703 792 702 552 492 470 752 565 602 642 155 536 282 567 983 527 455 639 839 859 445 434 473 340 654 694 211 632 745 287 752 829 469 202 196 537 436 214 162 913 839 719 815 816 822 775 389 945 625 563 395 254 981 663 744 130 816 308 635 508 545 313 564 515 721 619 400 984 979 163 776 555 843 669 559 262 104 211 303 114 213 805 349 893 111 795 140 445 873 526 786 293 700 656 394 225 829 548 899 216 793 667 715 924 677 390 299 824 845 602 704 397 154 373 827 911 979 801 874 478 494 268 288 410 818 188 585 629 705 805 600 527 714 400 216 899 779 797 132 945 271 748 884 294 218 845 108 985 132 874 638 166 486 289 104 142 924 789 443 459 504 454 574 197 740 763 650 670 184 526 176 275 864 848 498 478 871 995 544 739 444 466 412 154 189 230 820 234 153 527 507 325 790 478 850 121 569 836 880 280 151 372 271 257 573 794 153 860 740 961 754 940 258 181 350 884 138 385 917 726 371 234 525 586 920 430 628 587 225 954 484 642 695 885 493 331 799 945 805 796 233 547 333 442 935 947 513 311 425 652 422 362 676 321 287 807 796 121 257 133 629 939 744 161 271 845 897 845 408 246 781 225 185 888 950 121 228 633 826 371 497 997 216 891 183 746 606 766 743 817 911 636 907 260 677 540 534 261 290 703 943 543 828 998 417 192 949 443 190 266 679 382 901 575 955 120 363 628 291 979 686 797 465 389 264 623 815 622
